$ 1 0.000005 0.26073472713092677 42 5 50
172 -32 96 -64 96 0 7 5 5 0 0 0.5 Voltage
g 240 368 240 384 0
w 80 96 144 96 0
r 144 96 240 96 0 10
w 240 96 240 128 0
r 240 128 240 192 0 2.7
34 fwdrop\q1.2 0 8.42383391037257e-11 0 2 0
162 240 192 240 240 3 fwdrop\q1.2 0 0 1 1.2
162 240 240 240 288 3 fwdrop\q1.2 0 0 1 1.2
209 336 160 336 224 0 0.00021999999999999998 4.983129618799223 1
w 240 96 336 96 0
w 336 96 336 160 0
r 160 160 160 208 0 270
34 fwdrop\q2.3 0 4.9041126905608287e-20 0 2 0
162 160 240 160 288 3 fwdrop\q2.3 1 0 0 0.015
t 208 336 240 336 0 1 -4.850228514859089 0.12055379863092247 100
w 160 288 160 304 0
w 160 304 240 304 0
w 240 288 240 304 0
w 240 304 240 320 0
w 240 352 240 368 0
w 336 224 336 368 0
w 336 368 240 368 0
R -32 336 -64 336 0 0 40 3.3 0 0 0.5
s 112 336 144 336 0 1 true
r 208 336 160 336 0 100
w 160 336 144 336 0
w 160 128 240 128 0
w 160 208 160 240 0
w 160 160 160 128 0
x -103 99 -86 102 4 12 Vin
w -32 96 80 96 0
x 241 339 313 342 4 8 2N2222A\sNPN
x 247 354 254 357 4 8 E
x 247 320 254 323 4 8 C
x 213 328 220 331 4 8 B
x 255 267 278 270 4 8 IR_2
x 256 219 279 222 4 8 IR_1
x 176 267 226 270 4 8 RED_LED
x 95 266 148 269 4 8 PWR_LED
x 97 355 181 358 4 8 Close\sto\ssimulate
w -32 336 112 336 0
x -149 339 -87 342 4 12 D2/GPIO_4
o 6 64 0 4097 1.25 1.6 0 2 6 3
